{
  "entityId": 87,
  "objectUUID": "ede69d85-e9ec-479b-bc91-db85841a341e",
  "type": 37,
  "x": 156.17805756596547,
  "y": 68,
  "z": 87.96838850574863,
  "pitch": 0,
  "yaw": 112,
  "objectData": 0,
  "velocityX": 0,
  "velocityY": -320,
  "velocityZ": 0
}