{
  "entityId": 83,
  "objectUUID": "428eec7b-9cf8-4ff2-ad0f-9628f03e83f5",
  "type": 37,
  "x": 144.3640727333414,
  "y": 64,
  "z": 100.58998916593352,
  "pitch": 0,
  "yaw": -127,
  "objectData": 0,
  "velocityX": 0,
  "velocityY": -320,
  "velocityZ": 0
}