{
  "entityId": 99,
  "objectUUID": "ffb3096e-5248-4936-ae25-581a10bd643f",
  "type": 37,
  "x": 220.8747250605091,
  "y": 66,
  "z": 226.1346512016635,
  "pitch": 0,
  "yaw": 120,
  "objectData": 0,
  "velocityX": 0,
  "velocityY": -320,
  "velocityZ": 0
}