{
  "entityId": 70,
  "objectUUID": "5fc6054f-54fc-4c17-aa6d-32d4119957b5",
  "type": 37,
  "x": 233.7730140419016,
  "y": 66,
  "z": 221.49576268751392,
  "pitch": 0,
  "yaw": 60,
  "objectData": 0,
  "velocityX": 0,
  "velocityY": 0,
  "velocityZ": 0
}