{
  "entityId": 72,
  "objectUUID": "8048facd-8cba-46b0-b6f5-2fff0dd9734b",
  "type": 37,
  "x": 227.17847187416498,
  "y": 65,
  "z": 209.92435770615168,
  "pitch": 0,
  "yaw": -108,
  "objectData": 0,
  "velocityX": 0,
  "velocityY": -640,
  "velocityZ": 0
}