{
  "entityId": 227,
  "entityUUID": "76be669c-c360-408f-8b6b-2abda39ed284",
  "type": 33,
  "x": 77.13368168902669,
  "y": 70,
  "z": 75.12252980180921,
  "yaw": 94,
  "pitch": 0,
  "headPitch": 94,
  "velocityX": 0,
  "velocityY": -627,
  "velocityZ": 0
}