{
  "entityId": 209,
  "entityUUID": "b25df640-abe8-4ea0-b3ab-f37fde75720c",
  "type": 33,
  "x": 85.89154762588888,
  "y": 68,
  "z": 94.10836942868347,
  "yaw": -96,
  "pitch": 0,
  "headPitch": -96,
  "velocityX": 0,
  "velocityY": -627,
  "velocityZ": 0
}