{
  "entityId": 208,
  "entityUUID": "13ca6d51-a42f-48cd-b736-6bc4d4b720ca",
  "type": 33,
  "x": 88.43229673270153,
  "y": 68,
  "z": 95.87618743304242,
  "yaw": -19,
  "pitch": 0,
  "headPitch": -19,
  "velocityX": 0,
  "velocityY": -627,
  "velocityZ": 0
}