{
  "entityId": 210,
  "entityUUID": "4314a759-3e7b-49c6-8bbc-4ff1de1288f0",
  "type": 33,
  "x": 80.99696615721388,
  "y": 68,
  "z": 82.00256556547045,
  "yaw": -77,
  "pitch": 0,
  "headPitch": -77,
  "velocityX": 0,
  "velocityY": -627,
  "velocityZ": 0
}