{
  "entityId": 192,
  "entityUUID": "cb26bb1d-5df8-4c57-9e99-d2335619acb8",
  "type": 80,
  "x": 111.59999999403954,
  "y": 60.5927169630304,
  "z": 178.4487077128142,
  "yaw": 0,
  "pitch": 0,
  "headPitch": 0,
  "velocityX": 0,
  "velocityY": 0,
  "velocityZ": 0
}